image_width: 1440
image_height: 1080
camera_name: front_industrial_camera
camera_matrix:
  rows: 3
  cols: 3
  data: [1810.18913,    0.     ,  729.08455,
            0.     , 1811.24101,  546.01958,
            0.     ,    0.     ,    1.     ]
distortion_model: plumb_bob
distortion_coefficients:
  rows: 1
  cols: 5
  data: [-0.054302, -0.016375, 0.000738, -0.000240, 0.000000]
rectification_matrix:
  rows: 3
  cols: 3
  data: [1., 0., 0.,
         0., 1., 0.,
         0., 0., 1.]
projection_matrix:
  rows: 3
  cols: 4
  data: [1792.32715,    0.     ,  728.5433 ,    0.     ,
            0.     , 1800.47131,  545.94031,    0.     ,
            0.     ,    0.     ,    1.     ,    0.     ]