pattern_cols: 8
pattern_rows: 11
square_size_mm: 15

# -------------------------------------------------------------------
# 关于 R_gimbal2imubody 的设置请看下文解释，目前保持默认单位矩阵
# -------------------------------------------------------------------
R_gimbal2imubody: [1, 0, 0, 0, 1, 0,  0, 0, 1]

# ROS格式相机参数文件路径
camera_params_path: "configs/camera_info.yaml"
camera_name: "hikrobot"
exposure_ms: 5
gain: 10.0
vid_pid: "2bdf:0001"

com_port: "/dev/gimbal"

#####-----cboard参数-----#####
quaternion_canid: 0x01
bullet_speed_canid: 0x110
send_canid: 0xff
can_interface: "can0"

# -------------------------------------------------------------------
# 已根据 ost.yaml 更新
# -------------------------------------------------------------------
# calibration.yaml
camera_matrix: [1759.68866, 0.0, 733.10365, 0.0, 1744.21692, 545.62975, 0.0, 0.0, 1.0]
distort_coeffs: [-0.101461, 0.183015, -0.001380, 0.000832, 0.000000]

# 之前的标定结果（如果之前的标定不准，这部分通常由 calibrate_handeye 程序覆盖）
R_camera2gimbal: [0.99859027635374575, -0.013036678494096236, 0.051453911275930818, -0.050971087917711447, 0.034996300097715351, 0.99808677336990825, -0.014812432893847059, -0.99930240867983067, 0.034282471300258667]
t_camera2gimbal: [-0.084117470853003112, 0.16069359948301551, 0.0031227771472807568]
